97924
50267
98415
64856
73972
85009
16084
63342
36722
71800
13657
31646
13033
98175
12224
26745
91733
63235
34149
55819
89877
63876
35017
71693
67230
32107
29455
10294
11503
45021
65889
22646
29246
94894
97487
11658
86638
77389
20834
43948
25169
47469
77677
67863
66135
22510
39330
96958
65629
40599
41131
41361
44833
32056
15025
32170
95391
55371
48305
65862
40636
97450
77105
34812
23999
25503
66670
30994
76175
43005
53741
67639
68473
16078
51006
74520
17232
25445
39404
23041
54140
46419
49484
19164
39289
59326
47693
89369
78926
46255
53879
27064
21756
46201
83358
67814
36582
68742
63598
46069
43061
82842
47757
11761
55059
73640
87885
76819
99933
96701
33926
53211
63392
86076
22252
82469
15384
17446
60995
67563
81796
13959
67714
98828
66905
12690
24626
14738
58555
23470
38356
21420
85109
88215
13822
78720
17622
27946
42737
39857
98335
51079
75618
55716
44439
74943
15914
94892
89851
58970
89048
79217
22327
15513
52584
17822
50437
26861
39402
44176
93367
85462
70936
64975
69603
27447
48913
55729
55903
58608
13030
79586
85885
47696
89036
51691
74369
83246
34233
87921
12660
15408
82361
78963
87395
73712
97972
77207
26598
51812
34508
26436
71011
50890
50493
16217
44890
44429
99607
38107
10208
73098
26515
53750
74904
89898
71445
77746
20131
67840
36620
18892
73474
83450
45728
66927
35585
93945
76199
26536
58275
51874
88833
75871
67764
69526
19475
80585
34189
96205
11371
38079
99465
21120
15731
82309
33121
84859
93071
69403
47701
94758
71944
59059
23522
69897
96432
40161
99974
28726
43411
52521
10024
84954
33296
77780
89571
13582
27081
29330
35469
96455
44473
52280
36181
83515
77203
31113
93446
94776
65132
76822
76108
88359
58602
71874
78276
39092
62278
40915
55896
89049
73736
41226
91298
48613
48763
72203
83036
40070
34155
66614
99172
10261
75196
60212
82136
68902
61584
18196
12112
28990
21082
45932
71891
93524
36886
84927
90640
12240
50754
12243
21896
27361
92599
50881
19258
48109
39617
33422
24453
70071
61099
32270
18554
57108
72972
44178
58969
68638
59752
91349
42541
11241
56014
18240
83562
99794
49642
26318
20645
95467
85129
63111
21776
17413
39834
54442
25618
67027
91899
36861
41069
39818
41305
50844
35314
13646
21610
84316
37390
33072
50742
95333
67978
54472
65124
62367
88774
71725
27200
72832
93194
84331
83654
98518
26270
17471
40445
24801
71775
63886
11574
36092
70761
61291
97303
44506
91586
58301
81698
72921
50502
16298
75558
22495
33661
85183
57125
32610
61179
59372
74037
48967
57442
26047
23188
23633
15300
11726
59493
66596
78092
48254
23338
36327
14142
26946
51040
69209
15882
31997
12496
54801
92254
54184
50128
46755
68205
16526
33415
95561
58231
12000
13762
20783
49870
31028
73097
36095
15523
41560
30530
34128
91541
97402
14133
95923
21065
54343
17923
39271
54329
29173
73679
25043
23367
47733
50178
61856
12334
24075
66813
68591
60548
47476
65067
27139
90127
71661
76564
14606
33073
28929
20290
55600
44895
69018
19996
79035
59205
38746
86509
99613
21577
97880
91425
84219
82752
24031
21843
67480
89728
28954
88314
18726
87526
85951
64143
42517
13848
43260
53772
54544
38528
75966
66179
58180
53138
43795
75091
82097
58590
50521
27323
33112
27922
65787
40517
20919
30416
88719
79993
27124
35850
47642
56934
99900
21591
97673
29342
75687
45898
22897
23889
63662
65299
44563
60281
49181
50909
21600
44988
58351
84132
33795
30993
23660
56833
84296
27172
41123
70231
65636
24047
11869
44666
81159
75418
18982
54865
91042
21791
86188
92550
63942
55260
97155
44593
94520
16803
99284
10940
51986
94727
79564
67524
96074
32231
82182
36414
16281
21085
98238
53299
19359
46340
16355
70234
50841
81149
58011
80355
62858
25160
29287
82307
45594
52167
66037
16339
74466
68243
70410
18833
52684
99904
64936
67435
25168
48685
87833
16974
82852
54986
56112
64314
66607
61959
20294
22416
15287
42081
69276
19958
14337
43966
56772
37195
71264
45446
27319
71714
98898
15964
35923
92462
70969
60163
26799
57327
19339
56504
53113
78876
96200
82490
44316
71051
89880
27972
58858
31090
99124
77060
67020
28781
58289
89174
38323
42607
12543
23349
70058
15437
59862
30674
14449
42471
41124
77330
91002
12075
51581
17412
57784
78558
68326
33313
18353
91690
31047
41819
97743
81549
72159
38296
39901
26924
77429
90666
25384
61440
42764
26668
44171
96575
77777
65805
66448
66204
67751
48577
14034
82234
94447
21669
76758
16998
10808
91668
42411
83439
57286
26423
47687
75978
79027
13122
43173
33696
26050
29903
55762
22725
92748
75292
84901
82424
49756
99049
21549
45030
42687
24675
64330
26258
11886
10674
80983
73290
91623
68510
96050
29559
87297
16161
69453
79979
28404
95222
61168
39809
24627
48823
22852
67111
22838
19454
84203
97780
53203
89425
16614
19219
20569
48161
17213
70935
86566
24611
54359
95758
20532
49070
66014
69011
54241
61068
64852
60260
26299
58452
26134
84291
94851
90147
88435
26639
98570
66700
57045
30983
77419
61144
79828
38801
71141
30543
33787
93255
27104
43923
70069
23376
82293
37692
91328
47801
90140
40772
77630
26106
82191
29674
32858
57709
70834
34807
40646
17334
79995
22031
59137
23515
69665
78363
74969
51172
11229
86385
71049
90321
15381
17377
35732
92220
75143
93217
12345
66240
63460
14334
52629
67549
32589
40973
48086
62405
69385
73015
47116
89461
89978
45093
95580
90761
61770
91506
37148
73119
83826
11602
79485
51373
71333
41091
60255
70778
76205
67609
65250
81623
20105
53573
67594
30437
74127
43012
82823
87461
35267
99386
47451
51886
45000
93502
26127
61492
16858
77633
29357
91974
87979
12707
38824
46482
69244
10765
30619
30590
99292
28244
18494
91105
73930
30813
67308
54758
43568
15869
82010
33131
57985
93101
15835
24286
56944
47755
82704
93787
51466
51856
30252
44052
20691
57033
13300
33712
97080
91808
90652
64155
65463
44798
43936
18253
73289
71164
34646
42097
15990
56628
68636
67043
25652
87109
83865
54773
12778
41699
59666
94699
77535
19069
34344
24906
91226
58992
21084
95352
14593
57258
41550
59908
63930
52103
98431
64232
10638
52217
11797
12501
39316
62625
54433
23801
15292
28822
90501
52285
42385
34500
39882
12013
42691
57217
31320
90532
65216
78393
48315
37332
40774
16062
73931
54344
17846
61807
93272
