12015
32019
10716
63472
11396
60876
81584
45754
57910
33139
42097
60883
45362
50742
82309
36160
22906
23212
43474
92797
82309
68418
24286
56515
56504
70146
43966
80966
97276
44890
45042
50684
40041
64304
32858
25139
37390
69681
20641
97853
18624
14334
51466
10346
44506
90140
56504
57081
98292
32865
50742
91497
76741
53741
58921
52656
10777
78010
51466
89174
54184
99374
83865
41764
77192
93924
24286
12382
60974
50445
14287
60769
53741
76080
54184
49015
40707
89174
16084
85801
17286
20749
46855
86911
12150
22031
53741
86087
99284
78050
65533
21120
63733
58079
45402
39702
27906
32858
80368
15449
21120
43966
41841
26946
78870
28789
16294
42168
82831
43783
50742
50456
97067
89174
52322
52960
19277
62973
85599
99208
42097
65386
81831
55717
59486
99284
21468
49115
17335
27139
94975
34794
99284
16754
56504
97465
49756
39646
85951
51466
73635
27139
80096
22031
79910
85951
69859
51466
26946
40772
21927
43966
21545
56526
39743
37390
45539
99284
43966
98943
38719
35314
30406
53741
40772
43966
50742
17033
55600
73308
62519
53741
78724
26716
95563
35314
27139
50742
53741
48574
51466
54159
21120
99205
10043
24286
97487
34050
21574
47558
90761
40460
60574
51466
24854
47118
73772
26946
43966
99307
32858
45260
70155
55600
44506
43966
37467
82076
34528
12429
80900
95044
85951
24551
11046
40772
85951
83865
18892
16084
26910
42097
57054
85642
32556
26946
16084
90761
82309
55600
24399
51194
44890
99284
84749
28950
47050
31889
22719
40772
55127
12405
40772
27139
48009
20227
53857
56742
31605
40772
19960
51466
51312
35314
99284
49638
26843
87187
74290
26946
42097
60260
20645
90488
17193
89920
22203
70569
50742
14334
74481
22765
25212
81025
89174
21120
98125
22656
65305
21120
26933
11422
82035
93643
94509
68016
50742
25900
90823
22471
77007
75044
34719
48242
91994
32858
42097
40955
61094
97838
99284
51912
40991
51466
70388
71891
20645
11097
82280
22031
79877
56504
69022
50742
91087
17965
92324
51450
66508
59580
21120
76583
99284
81634
90140
40772
82180
35314
35314
32858
97487
85951
91799
85951
40772
82309
82349
20645
24286
35314
16436
32543
29179
28393
47366
13453
96167
65122
90140
50742
59045
84429
24405
26532
57846
54184
52839
66988
72792
67867
27139
38672
68302
44890
10314
77425
64037
57908
40958
85651
73263
16084
20645
87651
96024
44506
85951
54184
40716
98329
48960
62621
58455
85951
10112
26292
19625
86054
95307
40772
27139
26946
36406
86304
37706
99284
82309
85951
55600
99284
38278
93008
14334
43966
16159
21120
89174
16084
57527
50556
94320
32570
75310
42097
50742
78906
94284
68750
40772
40772
54414
14334
32775
60587
34864
56224
37390
37390
42097
31984
89174
99284
11999
27968
24130
29706
13617
85455
31238
22031
97714
34014
90052
97988
54184
68624
22098
88909
76908
27139
52386
97487
47300
12083
66145
79638
27139
73848
19841
75136
99284
99000
16084
37390
26946
51466
34238
43966
90140
53741
86323
74629
20645
99210
16026
31919
95367
51466
10788
39402
55228
94339
76500
75251
12189
60387
85951
85951
51466
14334
51466
16084
72818
99145
89174
32858
25968
85741
78312
49699
22031
35799
81476
99120
26946
82991
95509
45829
99284
67657
16278
47194
11318
83696
81208
99284
49371
90869
36120
48795
63304
50742
75970
51458
70479
30113
42097
51466
33043
89174
22031
90761
50821
63031
77846
48377
75957
99284
51466
35314
52749
11254
13205
33964
90140
94103
90836
42097
67799
30712
23612
64339
50742
35314
72155
60279
91711
79500
66073
51466
26946
14334
89073
22769
56504
48743
92181
69816
25507
37390
31162
94474
16434
32334
54184
22031
42754
54184
87988
11698
29276
28226
86754
43817
42097
93023
72842
51322
51466
13798
71891
53741
58080
56427
14155
26946
37276
10162
67510
18892
26946
59737
96568
82183
81661
20077
14334
32858
35314
51466
52200
43966
56000
91407
42097
49272
67342
54466
45397
14988
99280
22031
17788
85883
89174
24625
45494
64995
65787
60398
14947
54184
56504
54184
53181
34140
99284
21414
81686
45525
92053
51466
91566
44890
51902
89174
70725
36065
88682
22031
74592
41411
64119
40772
35314
25937
22031
99284
50742
63710
42383
89055
38990
59526
50742
98161
37596
18706
22031
32858
44890
14369
40772
75361
76932
38581
99284
18310
54184
52449
32831
33504
19604
65016
20645
33409
27139
97487
14334
52218
42785
60133
92089
30200
94108
93942
54184
25665
84579
48617
20645
33623
64139
62738
33385
92116
80984
43995
91461
14581
92007
65834
51090
56504
85951
90581
35314
96347
76475
64852
85951
53741
49202
67069
93128
37390
46134
83013
53741
10496
95224
42097
90831
43966
43966
78889
21120
18810
55709
36441
20645
50742
82209
27139
40772
79655
22031
73178
36506
82655
38807
81721
74305
16084
82344
44523
26946
97487
33107
54184
35714
27139
97487
18100
99284
82309
40982
31332
40772
78489
91868
97873
54184
73488
58755
54184
69128
99864
82574
26325
90900
10028
27139
22031
31012
23134
21120
46853
32875
64925
61354
31104
77622
62276
34934
81916
34632
73192
33571
93024
97304
93186
23461
73947
79180
51960
27139
69682
37390
50742
21893
62221
24286
79832
85951
35263
50742
74783
23868
93606
72970
39402
14334
40772
23407
59362
31953
85136
40772
98531
53822
73230
64852
24392
14334
26946
98405
22448
22031
80271
40772
31057
59725
82139
57710
21120
51466
64809
56431
65345
28247
35314
53741
37390
43966
20645
22983
37390
17021
58211
29135
16084
46435
43966
14334
50742
71891
11833
44890
26946
32858
83865
12242
17154
89174
55600
56504
98641
24286
90761
43966
22031
71177
23934
43966
98769
69179
42438
44506
20657
89949
86929
85951
14334
83865
83968
25275
35249
99284
53741
55600
85951
43966
85951
44506
26946
85951
94250
85951
33487
34016
27139
52450
12045
51270
64414
23491
11795
10809
75027
90140
20555
14334
44890
31936
68431
63455
43535
84239
51559
22031
22031
44890
40772
52819
44156
27360
89174
56212
20645
89582
55600
41785
89174
16186
34811
70679
43966
24922
27139
62346
17557
37390
27125
18324
51466
41267
76330
17879
37390
27424
14167
79480
98477
49327
56501
49712
19293
64852
14334
35314
27139
53741
73238
54184
27493
35877
50742
55302
18892
33785
21120
97487
93726
47966
18536
14334
58173
42331
54184
42097
29944
48362
98927
28783
39391
21435
56504
42097
97487
